Skew-symmetric matrix:
        0 -0.707107       0.5
 0.707107         0      -0.5
     -0.5       0.5         0
Skew-symmetric matrix transposition:
       -0 -0.707107       0.5
 0.707107        -0      -0.5
     -0.5       0.5        -0
Rotation matrix from Euler:
        0.5        -0.5    0.707107
        0.5        -0.5   -0.707107
   0.707107    0.707107 4.32978e-17

Rotation matrix from axis-angle pair:
        0.5        -0.5    0.707107
        0.5        -0.5   -0.707107
   0.707107    0.707107 5.33651e-08

Rotation matrix from frame axes:
      0.5      -0.5  0.707107
      0.5      -0.5 -0.707107
 0.707107  0.707107         0

transformation_matrix:
        0.5        -0.5    0.707107           1
        0.5        -0.5   -0.707107          -2
   0.707107    0.707107 4.32978e-17           3
          0           0           0           1
transformation_matrix:
 0.353553 -0.866025  0.353553       2.5
 0.612372       0.5  0.612372         3
-0.707107         0  0.707107       -10
        0         0         0         1

Process finished with exit code 0